variable,PIJN,THREAT,ATTEND,ENGAGE,EFFIC,VALENCE
PIJN,1.0,0.439,0.423,-0.015,0.038,0.119
THREAT,0.439,1.0,0.712,-0.113,0.009,0.041
ATTEND,0.423,0.712,1.0,-0.086,-0.078,0.049
ENGAGE,-0.015,-0.113,-0.086,1.0,0.385,0.416
EFFIC,0.038,0.009,-0.078,0.385,1.0,0.648
VALENCE,0.119,0.041,0.049,0.416,0.648,1.0
