variable,PIJN,THREAT,ATTEND,ENGAGE,EFFIC,VALENCE
PIJN,1.0,0.499,0.498,-0.093,-0.104,-0.095
THREAT,0.499,1.0,0.495,-0.06,-0.098,-0.107
ATTEND,0.498,0.495,1.0,-0.062,-0.1,-0.093
ENGAGE,-0.093,-0.06,-0.062,1.0,0.422,0.522
EFFIC,-0.104,-0.098,-0.1,0.422,1.0,0.589
VALENCE,-0.095,-0.107,-0.093,0.522,0.589,1.0
